0, 0.0387845;
1, 0.0519209;
2, 0.0596414;
3, 0.0605089;
4, 0.0665596;
5, 0.0760166;
6, 0.0875727;
7, 0.0988664;
8, 0.1323526;
9, 0.1520332;
10, 0.1542445;
11, 0.1696686;
12, 0.1937755;
13, 0.2232334;
14, 0.2520225;
15, 0.3373827;
16, 0.3875510;
17, 0.3931880;
18, 0.4325058;
19, 0.4939572;
20, 0.5690489;
21, 0.6424360;
22, 0.8600294;
23, 0.9879144;
24, 1.0022840;
25, 1.1025097;
26, 1.2591568;
27, 1.4505747;
28, 1.6376472;
29, 2.1923193;
30, 2.5183136;
31, 2.5549433;
32, 2.8104308;
33, 3.2097434;
34, 3.6976909;
35, 4.1745614;
36, 5.5884878;
37, 6.4194867;
38, 6.5128603;
39, 7.1641289;
40, 8.1820250;
41, 9.4258624;
42, 10.6414631;
43, 14.2457330;
44, 16.3640501;
45, 16.6020707;
46, 18.2622331;
47, 20.8569740;
48, 24.0276662;
49, 27.1263799;
50, 36.3141009;
51, 41.7139479;
52, 42.3206913;
53, 46.5526467;
54, 53.1669556;
55, 61.2494346;
56, 69.1484314;
57, 92.5690463;
58, 106.3339112;
59, 107.8805736;
60, 118.6683411;
61, 135.5290166;
62, 156.1322355;
63, 176.2677363;
64, 235.9697235;
65, 271.0580332;
66, 275.0006631;
67, 302.4999906;
68, 345.4798969;
69, 398.0000000;
70, 449.3278331;
71, 601.5154377;
72, 690.9597938;
73, 701.0100354;
74, 771.1091555;
75, 880.6701482;
76, 1014.5502593;
77, 1145.3911297;
78, 1533.3357872;
79, 1761.3402964;
80, 1786.9595809;
81, 1965.6507379;
82, 2244.9349931;
83, 2586.2116300;
84, 2919.7408736;
85, 3908.6588455;
86, 4489.8699861;
87, 4555.1766489;
88, 5010.6820753;
89, 5722.6115061;
90, 6592.5670350;
91, 7442.7735188;
92, 9963.6453403;
93, 11445.2230121;
94, 11611.6976143;
95, 12772.8361783;
96, 14587.6306222;
97, 16805.2527516;
98, 18972.5321703;
99, 25398.5401105;
100, 29175.2612443;
101, 29599.6251910;
102, 32559.5081841;
103, 37185.6392737;
104, 42838.6269787;
105, 48363.2850097;
106, 64743.9584326;
107, 74371.2785475;
108, 75453.0337037;
109, 82998.1343527;
110, 94790.7034400;
111, 109200.8545509;
112, 123283.8777624;
113, 165040.2005499;
114, 189581.4068800;
115, 192338.9319410;
116, 211572.3083739;
117, 241632.9968811;
118, 278366.2193604;
119, 314265.5531583;
120, 420707.4830915;
121, 483265.9937622;
122, 490295.2595053;
123, 539323.4681689;
124, 615951.8081716;
125, 709589.2463449;
126, 801101.0011566;
127, 1072434.3871340;
