0, 0.6387343;
1, 0.6813166;
2, 0.7664811;
3, 0.8516457;
4, 1.0219749;
5, 1.1679713;
6, 1.2263698;
7, 1.2774686;
8, 1.3626332;
9, 1.5329623;
10, 1.7032914;
11, 2.0439497;
12, 2.3359425;
13, 2.4527397;
14, 2.5549372;
15, 2.7252663;
16, 3.0659246;
17, 3.4065829;
18, 4.0878995;
19, 4.6718851;
20, 4.9054793;
21, 5.1098743;
22, 5.4505326;
23, 6.1318492;
24, 6.8131658;
25, 8.1757989;
26, 9.3437702;
27, 9.8109587;
28, 10.2197486;
29, 10.9010652;
30, 12.2636984;
31, 13.6263315;
32, 16.3515978;
33, 18.6875404;
34, 19.6219174;
35, 20.4394973;
36, 21.8021304;
37, 24.5273967;
38, 27.2526631;
39, 32.7031957;
40, 37.3750808;
41, 39.2438348;
42, 40.8789946;
43, 43.6042609;
44, 49.0547935;
45, 54.5053261;
46, 65.4063913;
47, 74.7501615;
48, 78.4876696;
49, 81.7579892;
50, 87.2085218;
51, 98.1095870;
52, 109.0106522;
53, 130.8127827;
54, 149.5003230;
55, 156.9753392;
56, 163.5159783;
57, 174.4170435;
58, 196.2191740;
59, 218.0213044;
60, 261.6255653;
61, 299.0006461;
62, 313.9506784;
63, 327.0319566;
64, 348.8340871;
65, 392.4383480;
66, 436.0426088;
67, 523.2511306;
68, 598.0012921;
69, 627.9013567;
70, 654.0639133;
71, 697.6681741;
72, 784.8766959;
73, 872.0852177;
74, 1046.5022612;
75, 1196.0025842;
76, 1255.8027134;
77, 1308.1278265;
78, 1395.3363483;
79, 1569.7533918;
80, 1744.1704353;
81, 2093.0045224;
82, 2392.0051685;
83, 2511.6054269;
84, 2616.2556530;
85, 2790.6726965;
86, 3139.5067836;
87, 3488.3408707;
88, 4186.0090448;
89, 4784.0103369;
90, 5023.2108538;
91, 5232.5113060;
92, 5581.3453931;
93, 6279.0135672;
94, 6976.6817413;
95, 8372.0180896;
96, 9568.0206739;
97, 10046.4217075;
98, 10465.0226120;
99, 11162.6907862;
100, 12558.0271344;
101, 13953.3634827;
102, 16744.0361792;
103, 19136.0413477;
104, 20092.8434151;
105, 20930.0452240;
106, 22325.3815723;
107, 25116.0542689;
108, 27906.7269654;
109, 33488.0723585;
110, 38272.0826954;
111, 40185.6868302;
112, 41860.0904481;
113, 44650.7631446;
114, 50232.1085377;
115, 55813.4539308;
116, 66976.1447170;
117, 76544.1653908;
118, 80371.3736603;
119, 83720.1808962;
120, 89301.5262893;
121, 100464.2170754;
122, 111626.9078616;
123, 133952.2894339;
124, 153088.3307816;
125, 160742.7473207;
126, 167440.3617924;
127, 178603.0525785;
