0, 0.6813166;
1, 0.7664811;
2, 0.8622913;
3, 0.9700777;
4, 1.0219749;
5, 1.1497217;
6, 1.2934369;
7, 1.3626332;
8, 1.5329623;
9, 1.7245826;
10, 1.9401554;
11, 2.0439497;
12, 2.2994434;
13, 2.5868739;
14, 2.7252663;
15, 3.0659246;
16, 3.4491652;
17, 3.8803108;
18, 4.0878995;
19, 4.5988869;
20, 5.1737478;
21, 5.4505326;
22, 6.1318492;
23, 6.8983303;
24, 7.7606216;
25, 8.1757989;
26, 9.1977738;
27, 10.3474955;
28, 10.9010652;
29, 12.2636984;
30, 13.7966607;
31, 15.5212433;
32, 16.3515978;
33, 18.3955476;
34, 20.6949910;
35, 21.8021304;
36, 24.5273967;
37, 27.5933213;
38, 31.0424865;
39, 32.7031957;
40, 36.7910951;
41, 41.3899820;
42, 43.6042609;
43, 49.0547935;
44, 55.1866427;
45, 62.0849730;
46, 65.4063913;
47, 73.5821902;
48, 82.7799640;
49, 87.2085218;
50, 98.1095870;
51, 110.3732854;
52, 124.1699460;
53, 130.8127827;
54, 147.1643805;
55, 165.5599280;
56, 174.4170435;
57, 196.2191740;
58, 220.7465707;
59, 248.3398921;
60, 261.6255653;
61, 294.3287610;
62, 331.1198561;
63, 348.8340871;
64, 392.4383480;
65, 441.4931414;
66, 496.6797841;
67, 523.2511306;
68, 588.6575219;
69, 662.2397122;
70, 697.6681741;
71, 784.8766959;
72, 882.9862829;
73, 993.3595683;
74, 1046.5022612;
75, 1177.3150439;
76, 1324.4794243;
77, 1395.3363483;
78, 1569.7533918;
79, 1765.9725658;
80, 1986.7191365;
81, 2093.0045224;
82, 2354.6300877;
83, 2648.9588487;
84, 2790.6726965;
85, 3139.5067836;
86, 3531.9451316;
87, 3973.4382730;
88, 4186.0090448;
89, 4709.2601754;
90, 5297.9176973;
91, 5581.3453931;
92, 6279.0135672;
93, 7063.8902631;
94, 7946.8765460;
95, 8372.0180896;
96, 9418.5203508;
97, 10595.8353947;
98, 11162.6907862;
99, 12558.0271344;
100, 14127.7805262;
101, 15893.7530920;
102, 16744.0361792;
103, 18837.0407016;
104, 21191.6707893;
105, 22325.3815723;
106, 25116.0542689;
107, 28255.5610525;
108, 31787.5061840;
109, 33488.0723585;
110, 37674.0814033;
111, 42383.3415787;
112, 44650.7631446;
113, 50232.1085377;
114, 56511.1221049;
115, 63575.0123680;
116, 66976.1447170;
117, 75348.1628066;
118, 84766.6831574;
119, 89301.5262893;
120, 100464.2170754;
121, 113022.2442099;
122, 127150.0247361;
123, 133952.2894339;
124, 150696.3256131;
125, 169533.3663148;
126, 178603.0525785;
127, 200928.4341509;
