0, 0.0638734;
1, 0.0718576;
2, 0.0851646;
3, 0.0958101;
4, 0.1077864;
5, 0.1277469;
6, 0.1437152;
7, 0.1703291;
8, 0.1916203;
9, 0.2155728;
10, 0.2554937;
11, 0.2874304;
12, 0.3406583;
13, 0.3832406;
14, 0.4311456;
15, 0.5109874;
16, 0.5748609;
17, 0.6813166;
18, 0.7664811;
19, 0.8622913;
20, 1.0219749;
21, 1.1497217;
22, 1.3626332;
23, 1.5329623;
24, 1.7245826;
25, 2.0439497;
26, 2.2994434;
27, 2.7252663;
28, 3.0659246;
29, 3.4491652;
30, 4.0878995;
31, 4.5988869;
32, 5.4505326;
33, 6.1318492;
34, 6.8983303;
35, 8.1757989;
36, 9.1977738;
37, 10.9010652;
38, 12.2636984;
39, 13.7966607;
40, 16.3515978;
41, 18.3955476;
42, 21.8021304;
43, 24.5273967;
44, 27.5933213;
45, 32.7031957;
46, 36.7910951;
47, 43.6042609;
48, 49.0547935;
49, 55.1866427;
50, 65.4063913;
51, 73.5821902;
52, 87.2085218;
53, 98.1095870;
54, 110.3732854;
55, 130.8127827;
56, 147.1643805;
57, 174.4170435;
58, 196.2191740;
59, 220.7465707;
60, 261.6255653;
61, 294.3287610;
62, 348.8340871;
63, 392.4383480;
64, 441.4931414;
65, 523.2511306;
66, 588.6575219;
67, 697.6681741;
68, 784.8766959;
69, 882.9862829;
70, 1046.5022612;
71, 1177.3150439;
72, 1395.3363483;
73, 1569.7533918;
74, 1765.9725658;
75, 2093.0045224;
76, 2354.6300877;
77, 2790.6726965;
78, 3139.5067836;
79, 3531.9451316;
80, 4186.0090448;
81, 4709.2601754;
82, 5581.3453931;
83, 6279.0135672;
84, 7063.8902631;
85, 8372.0180896;
86, 9418.5203508;
87, 11162.6907862;
88, 12558.0271344;
89, 14127.7805262;
90, 16744.0361792;
91, 18837.0407016;
92, 22325.3815723;
93, 25116.0542689;
94, 28255.5610525;
95, 33488.0723585;
96, 37674.0814033;
97, 44650.7631446;
98, 50232.1085377;
99, 56511.1221049;
100, 66976.1447170;
101, 75348.1628066;
102, 89301.5262893;
103, 100464.2170754;
104, 113022.2442099;
105, 133952.2894339;
106, 150696.3256131;
107, 178603.0525785;
108, 200928.4341509;
109, 226044.4884197;
110, 267904.5788678;
111, 301392.6512263;
112, 357206.1051571;
113, 401856.8683017;
114, 452088.9768394;
115, 535809.1577356;
116, 602785.3024526;
117, 714412.2103142;
118, 803713.7366034;
119, 904177.9536789;
120, 1071618.3154713;
121, 1205570.6049052;
122, 1428824.4206283;
123, 1607427.4732069;
124, 1808355.9073577;
125, 2143236.6309425;
126, 2411141.2098103;
127, 2857648.8412567;
