0, 0.0638734;
1, 0.0733713;
2, 0.0842815;
3, 0.0968140;
4, 0.1112101;
5, 0.1277469;
6, 0.1467426;
7, 0.1685630;
8, 0.1936280;
9, 0.2224202;
10, 0.2554937;
11, 0.2934852;
12, 0.3371260;
13, 0.3872561;
14, 0.4448404;
15, 0.5109874;
16, 0.5869704;
17, 0.6742520;
18, 0.7745121;
19, 0.8896808;
20, 1.0219749;
21, 1.1739408;
22, 1.3485039;
23, 1.5490242;
24, 1.7793616;
25, 2.0439497;
26, 2.3478817;
27, 2.6970078;
28, 3.0980485;
29, 3.5587232;
30, 4.0878995;
31, 4.6957634;
32, 5.3940157;
33, 6.1960969;
34, 7.1174463;
35, 8.1757989;
36, 9.3915268;
37, 10.7880313;
38, 12.3921938;
39, 14.2348927;
40, 16.3515978;
41, 18.7830535;
42, 21.5760627;
43, 24.7843877;
44, 28.4697854;
45, 32.7031956;
46, 37.5661070;
47, 43.1521253;
48, 49.5687754;
49, 56.9395707;
50, 65.4063912;
51, 75.1322140;
52, 86.3042507;
53, 99.1375508;
54, 113.8791415;
55, 130.8127825;
56, 150.2644281;
57, 172.6085013;
58, 198.2751015;
59, 227.7582830;
60, 261.6255650;
61, 300.5288561;
62, 345.2170027;
63, 396.5502031;
64, 455.5165660;
65, 523.2511300;
66, 601.0577123;
67, 690.4340054;
68, 793.1004062;
69, 911.0331319;
70, 1046.5022600;
71, 1202.1154246;
72, 1380.8680107;
73, 1586.2008124;
74, 1822.0662639;
75, 2093.0045200;
76, 2404.2308491;
77, 2761.7360214;
78, 3172.4016247;
79, 3644.1325277;
80, 4186.0090400;
81, 4808.4616983;
82, 5523.4720428;
83, 6344.8032495;
84, 7288.2650555;
85, 8372.0180800;
86, 9616.9233965;
87, 11046.9440857;
88, 12689.6064990;
89, 14576.5301109;
90, 16744.0361600;
91, 19233.8467930;
92, 22093.8881714;
93, 25379.2129980;
94, 29153.0602219;
95, 33488.0723200;
96, 38467.6935860;
97, 44187.7763428;
98, 50758.4259959;
99, 58306.1204438;
100, 66976.1446400;
101, 76935.3871720;
102, 88375.5526855;
103, 101516.8519918;
104, 116612.2408875;
105, 133952.2892800;
106, 153870.7743440;
107, 176751.1053711;
108, 203033.7039837;
109, 233224.4817750;
110, 267904.5785600;
111, 307741.5486880;
112, 353502.2107422;
113, 406067.4079674;
114, 466448.9635500;
115, 535809.1571200;
116, 615483.0973761;
117, 707004.4214844;
118, 812134.8159348;
119, 932897.9271001;
120, 1071618.3142400;
121, 1230966.1947522;
122, 1414008.8429688;
123, 1624269.6318695;
124, 1865795.8542001;
125, 2143236.6284800;
126, 2461932.3895044;
127, 2828017.6859376;
