0, 8.1757989;
1, 8.6619572;
2, 9.1770240;
3, 9.7227182;
4, 10.3008611;
5, 10.9133822;
6, 11.5623257;
7, 12.2498574;
8, 12.9782718;
9, 13.7500000;
10, 14.5676175;
11, 15.4338531;
12, 16.3515978;
13, 17.3239144;
14, 18.3540480;
15, 19.4454365;
16, 20.6017223;
17, 21.8267644;
18, 23.1246514;
19, 24.4997147;
20, 25.9565436;
21, 27.5000000;
22, 29.1352351;
23, 30.8677063;
24, 32.7031956;
25, 34.6478288;
26, 36.7080959;
27, 38.8908729;
28, 41.2034446;
29, 43.6535289;
30, 46.2493028;
31, 48.9994294;
32, 51.9130871;
33, 54.9999999;
34, 58.2704701;
35, 61.7354126;
36, 65.4063912;
37, 69.2956577;
38, 73.4161919;
39, 77.7817458;
40, 82.4068891;
41, 87.3070578;
42, 92.4986056;
43, 97.9988589;
44, 103.8261743;
45, 109.9999999;
46, 116.5409402;
47, 123.4708252;
48, 130.8127825;
49, 138.5913153;
50, 146.8323838;
51, 155.5634917;
52, 164.8137783;
53, 174.6141155;
54, 184.9972111;
55, 195.9977178;
56, 207.6523486;
57, 219.9999997;
58, 233.0818805;
59, 246.9416503;
60, 261.6255650;
61, 277.1826307;
62, 293.6647676;
63, 311.1269834;
64, 329.6275565;
65, 349.2282310;
66, 369.9944223;
67, 391.9954355;
68, 415.3046971;
69, 439.9999995;
70, 466.1637610;
71, 493.8833007;
72, 523.2511300;
73, 554.3652613;
74, 587.3295352;
75, 622.2539667;
76, 659.2551131;
77, 698.4564621;
78, 739.9888446;
79, 783.9908711;
80, 830.6093942;
81, 879.9999990;
82, 932.3275220;
83, 987.7666014;
84, 1046.5022600;
85, 1108.7305226;
86, 1174.6590703;
87, 1244.5079335;
88, 1318.5102261;
89, 1396.9129241;
90, 1479.9776891;
91, 1567.9817421;
92, 1661.2187884;
93, 1759.9999980;
94, 1864.6550439;
95, 1975.5332028;
96, 2093.0045200;
97, 2217.4610453;
98, 2349.3181406;
99, 2489.0158669;
100, 2637.0204523;
101, 2793.8258483;
102, 2959.9553783;
103, 3135.9634843;
104, 3322.4375768;
105, 3519.9999960;
106, 3729.3100879;
107, 3951.0664055;
108, 4186.0090400;
109, 4434.9220905;
110, 4698.6362813;
111, 4978.0317338;
112, 5274.0409045;
113, 5587.6516965;
114, 5919.9107566;
115, 6271.9269685;
116, 6644.8751536;
117, 7039.9999919;
118, 7458.6201757;
119, 7902.1328110;
120, 8372.0180800;
121, 8869.8441811;
122, 9397.2725626;
123, 9956.0634677;
124, 10548.0818091;
125, 11175.3033930;
126, 11839.8215132;
127, 12543.8539370;
