0, 1.5329623;
1, 1.6607092;
2, 1.7884560;
3, 1.9162029;
4, 2.0439497;
5, 2.2994434;
6, 2.5549372;
7, 2.8104309;
8, 3.0659246;
9, 3.3214183;
10, 3.5769120;
11, 3.8324057;
12, 4.0878995;
13, 4.5988869;
14, 5.1098743;
15, 5.6208617;
16, 6.1318492;
17, 6.6428366;
18, 7.1538240;
19, 7.6648115;
20, 8.1757989;
21, 9.1977738;
22, 10.2197486;
23, 11.2417235;
24, 12.2636984;
25, 13.2856732;
26, 14.3076481;
27, 15.3296229;
28, 16.3515978;
29, 18.3955475;
30, 20.4394973;
31, 22.4834470;
32, 24.5273967;
33, 26.5713464;
34, 28.6152962;
35, 30.6592459;
36, 32.7031956;
37, 36.7910951;
38, 40.8789945;
39, 44.9668940;
40, 49.0547934;
41, 53.1426929;
42, 57.2305923;
43, 61.3184918;
44, 65.4063912;
45, 73.5821902;
46, 81.7579891;
47, 89.9337880;
48, 98.1095869;
49, 106.2853858;
50, 114.4611847;
51, 122.6369836;
52, 130.8127825;
53, 147.1643803;
54, 163.5159781;
55, 179.8675759;
56, 196.2191737;
57, 212.5707716;
58, 228.9223694;
59, 245.2739672;
60, 261.6255650;
61, 294.3287606;
62, 327.0319563;
63, 359.7351519;
64, 392.4383475;
65, 425.1415431;
66, 457.8447387;
67, 490.5479344;
68, 523.2511300;
69, 588.6575212;
70, 654.0639125;
71, 719.4703037;
72, 784.8766950;
73, 850.2830862;
74, 915.6894775;
75, 981.0958688;
76, 1046.5022600;
77, 1177.3150425;
78, 1308.1278250;
79, 1438.9406075;
80, 1569.7533900;
81, 1700.5661725;
82, 1831.3789550;
83, 1962.1917375;
84, 2093.0045200;
85, 2354.6300850;
86, 2616.2556500;
87, 2877.8812150;
88, 3139.5067800;
89, 3401.1323450;
90, 3662.7579100;
91, 3924.3834750;
92, 4186.0090400;
93, 4709.2601700;
94, 5232.5113000;
95, 5755.7624300;
96, 6279.0135600;
97, 6802.2646900;
98, 7325.5158200;
99, 7848.7669500;
100, 8372.0180800;
101, 9418.5203400;
102, 10465.0226000;
103, 11511.5248600;
104, 12558.0271200;
105, 13604.5293800;
106, 14651.0316400;
107, 15697.5339000;
108, 16744.0361600;
109, 18837.0406800;
110, 20930.0452000;
111, 23023.0497200;
112, 25116.0542400;
113, 27209.0587600;
114, 29302.0632800;
115, 31395.0678000;
116, 33488.0723200;
117, 37674.0813600;
118, 41860.0904000;
119, 46046.0994400;
120, 50232.1084800;
121, 54418.1175200;
122, 58604.1265600;
123, 62790.1356000;
124, 66976.1446400;
125, 75348.1627200;
126, 83720.1808000;
127, 92092.1988800;
