0, 0.0638734;
1, 0.0718576;
2, 0.0808398;
3, 0.0958101;
4, 0.1077864;
5, 0.1277469;
6, 0.1437152;
7, 0.1616796;
8, 0.1916203;
9, 0.2155728;
10, 0.2554937;
11, 0.2874304;
12, 0.3233592;
13, 0.3832406;
14, 0.4311456;
15, 0.5109874;
16, 0.5748609;
17, 0.6467185;
18, 0.7664811;
19, 0.8622913;
20, 1.0219749;
21, 1.1497217;
22, 1.2934369;
23, 1.5329623;
24, 1.7245826;
25, 2.0439497;
26, 2.2994434;
27, 2.5868739;
28, 3.0659246;
29, 3.4491652;
30, 4.0878995;
31, 4.5988869;
32, 5.1737478;
33, 6.1318492;
34, 6.8983303;
35, 8.1757989;
36, 9.1977738;
37, 10.3474955;
38, 12.2636984;
39, 13.7966607;
40, 16.3515978;
41, 18.3955476;
42, 20.6949910;
43, 24.5273967;
44, 27.5933213;
45, 32.7031957;
46, 36.7910951;
47, 41.3899820;
48, 49.0547935;
49, 55.1866427;
50, 65.4063913;
51, 73.5821902;
52, 82.7799640;
53, 98.1095870;
54, 110.3732854;
55, 130.8127827;
56, 147.1643805;
57, 165.5599280;
58, 196.2191740;
59, 220.7465707;
60, 261.6255653;
61, 294.3287610;
62, 331.1198561;
63, 392.4383480;
64, 441.4931414;
65, 523.2511306;
66, 588.6575219;
67, 662.2397122;
68, 784.8766959;
69, 882.9862829;
70, 1046.5022612;
71, 1177.3150439;
72, 1324.4794243;
73, 1569.7533918;
74, 1765.9725658;
75, 2093.0045224;
76, 2354.6300877;
77, 2648.9588487;
78, 3139.5067836;
79, 3531.9451316;
80, 4186.0090448;
81, 4709.2601754;
82, 5297.9176973;
83, 6279.0135672;
84, 7063.8902631;
85, 8372.0180896;
86, 9418.5203508;
87, 10595.8353947;
88, 12558.0271344;
89, 14127.7805262;
90, 16744.0361792;
91, 18837.0407016;
92, 21191.6707893;
93, 25116.0542689;
94, 28255.5610525;
95, 33488.0723585;
96, 37674.0814033;
97, 42383.3415787;
98, 50232.1085377;
99, 56511.1221049;
100, 66976.1447170;
101, 75348.1628066;
102, 84766.6831574;
103, 100464.2170754;
104, 113022.2442099;
105, 133952.2894339;
106, 150696.3256131;
107, 169533.3663148;
108, 200928.4341509;
109, 226044.4884197;
110, 267904.5788678;
111, 301392.6512263;
112, 339066.7326296;
113, 401856.8683017;
114, 452088.9768394;
115, 535809.1577356;
116, 602785.3024526;
117, 678133.4652592;
118, 803713.7366034;
119, 904177.9536789;
120, 1071618.3154713;
121, 1205570.6049052;
122, 1356266.9305183;
123, 1607427.4732069;
124, 1808355.9073577;
125, 2143236.6309425;
126, 2411141.2098103;
127, 2712533.8610366;
