0, 8.1757989;
1, 8.9103433;
2, 9.1977738;
3, 9.3893941;
4, 10.7307361;
5, 11.8804578;
6, 12.0720781;
7, 12.2636984;
8, 12.5191921;
9, 14.3076481;
10, 15.8406104;
11, 16.0961041;
12, 16.3515978;
13, 17.8206867;
14, 18.3955476;
15, 18.7787881;
16, 21.4614722;
17, 23.7609156;
18, 24.1441562;
19, 24.5273967;
20, 25.0383842;
21, 28.6152962;
22, 31.6812208;
23, 32.1922082;
24, 32.7031957;
25, 35.6413734;
26, 36.7910951;
27, 37.5575763;
28, 42.9229443;
29, 47.5218312;
30, 48.2883123;
31, 49.0547935;
32, 50.0767684;
33, 57.2305924;
34, 63.3624416;
35, 64.3844165;
36, 65.4063913;
37, 71.2827468;
38, 73.5821902;
39, 75.1151525;
40, 85.8458886;
41, 95.0436624;
42, 96.5766247;
43, 98.1095870;
44, 100.1535367;
45, 114.4611848;
46, 126.7248832;
47, 128.7688329;
48, 130.8127827;
49, 142.5654936;
50, 147.1643805;
51, 150.2303051;
52, 171.6917772;
53, 190.0873248;
54, 193.1532494;
55, 196.2191740;
56, 200.3070734;
57, 228.9223696;
58, 253.4497664;
59, 257.5376658;
60, 261.6255653;
61, 285.1309872;
62, 294.3287610;
63, 300.4606101;
64, 343.3835545;
65, 380.1746496;
66, 386.3064988;
67, 392.4383480;
68, 400.6141469;
69, 457.8447393;
70, 506.8995328;
71, 515.0753317;
72, 523.2511306;
73, 570.2619744;
74, 588.6575219;
75, 600.9212203;
76, 686.7671089;
77, 760.3492992;
78, 772.6129975;
79, 784.8766959;
80, 801.2282937;
81, 915.6894786;
82, 1013.7990655;
83, 1030.1506634;
84, 1046.5022612;
85, 1140.5239487;
86, 1177.3150439;
87, 1201.8424406;
88, 1373.5342178;
89, 1520.6985983;
90, 1545.2259951;
91, 1569.7533918;
92, 1602.4565875;
93, 1831.3789571;
94, 2027.5981311;
95, 2060.3013267;
96, 2093.0045224;
97, 2281.0478975;
98, 2354.6300877;
99, 2403.6848812;
100, 2747.0684357;
101, 3041.3971966;
102, 3090.4519901;
103, 3139.5067836;
104, 3204.9131749;
105, 3662.7579142;
106, 4055.1962622;
107, 4120.6026535;
108, 4186.0090448;
109, 4562.0957949;
110, 4709.2601754;
111, 4807.3697624;
112, 5494.1368713;
113, 6082.7943932;
114, 6180.9039802;
115, 6279.0135672;
116, 6409.8263499;
117, 7325.5158284;
118, 8110.3925243;
119, 8241.2053070;
120, 8372.0180896;
121, 9124.1915899;
122, 9418.5203508;
123, 9614.7395248;
124, 10988.2737426;
125, 12165.5887865;
126, 12361.8079605;
127, 12558.0271344;
