0, 7.2256342;
1, 7.6270583;
2, 8.0757088;
3, 8.5804406;
4, 9.1524700;
5, 9.8062179;
6, 10.4513638;
7, 11.0319951;
8, 11.6809360;
9, 12.4109945;
10, 13.2383941;
11, 13.9351517;
12, 14.7093268;
13, 15.5745813;
14, 16.5479926;
15, 17.6511921;
16, 18.9119916;
17, 20.1562016;
18, 21.2759905;
19, 22.5275194;
20, 23.9354893;
21, 25.5311886;
22, 26.8749354;
23, 28.3679874;
24, 30.0366925;
25, 31.9139858;
26, 34.0415848;
27, 36.4731266;
28, 38.8726744;
29, 41.0322674;
30, 43.4459302;
31, 46.1613009;
32, 49.2387209;
33, 51.8302326;
34, 54.7096899;
35, 57.9279070;
36, 61.5484012;
37, 65.6516279;
38, 70.3410299;
39, 74.9687292;
40, 79.1336586;
41, 83.7885797;
42, 89.0253660;
43, 94.9603904;
44, 99.9583057;
45, 105.5115449;
46, 111.7181063;
47, 118.7004880;
48, 126.6138538;
49, 135.6577005;
50, 144.5825492;
51, 152.6149131;
52, 161.5922609;
53, 171.6917772;
54, 183.1378957;
55, 192.7767323;
56, 203.4865508;
57, 215.4563479;
58, 228.9223696;
59, 244.1838609;
60, 261.6255653;
61, 278.8377735;
62, 294.3287610;
63, 311.6422175;
64, 331.1198561;
65, 353.1945132;
66, 371.7836981;
67, 392.4383480;
68, 415.5229567;
69, 441.4931414;
70, 470.9260175;
71, 504.5635902;
72, 537.7585633;
73, 567.6340390;
74, 601.0242766;
75, 638.5882939;
76, 681.1608468;
77, 717.0114177;
78, 756.8453853;
79, 801.3657021;
80, 851.4510585;
81, 908.2144624;
82, 973.0869240;
83, 1037.1058006;
84, 1094.7227895;
85, 1159.1182477;
86, 1231.5631382;
87, 1313.6673474;
88, 1382.8077341;
89, 1459.6303860;
90, 1545.4909969;
91, 1642.0841843;
92, 1751.5564632;
93, 1876.6676391;
94, 2000.1326154;
95, 2111.2510940;
96, 2235.4423349;
97, 2375.1574808;
98, 2533.5013128;
99, 2666.8434872;
100, 2815.0014587;
101, 2980.5897798;
102, 3166.8766411;
103, 3378.0017505;
104, 3619.2875898;
105, 3857.3986154;
106, 4071.6985385;
107, 4311.2102172;
108, 4580.6608558;
109, 4886.0382462;
110, 5143.1981539;
111, 5428.9313847;
112, 5748.2802896;
113, 6107.5478078;
114, 6514.7176616;
115, 6980.0546374;
116, 7439.2687583;
117, 7852.5614671;
118, 8314.4768475;
119, 8834.1316505;
120, 9423.0737605;
121, 9919.0250111;
122, 10470.0819561;
123, 11085.9691300;
124, 11778.8422007;
125, 12564.0983474;
126, 13461.5339436;
127, 14347.1611767;
