0, 0.6876246;
1, 0.7594497;
2, 0.8382929;
3, 0.9253213;
4, 1.0219749;
5, 1.1280724;
6, 1.2459041;
7, 1.3752492;
8, 1.5188995;
9, 1.6765859;
10, 1.8506427;
11, 2.0439497;
12, 2.2561449;
13, 2.4918082;
14, 2.7504984;
15, 3.0377989;
16, 3.3531718;
17, 3.7012854;
18, 4.0878995;
19, 4.5122898;
20, 4.9836165;
21, 5.5009967;
22, 6.0755979;
23, 6.7063435;
24, 7.4025708;
25, 8.1757989;
26, 9.0245795;
27, 9.9672329;
28, 11.0019935;
29, 12.1511957;
30, 13.4126870;
31, 14.8051416;
32, 16.3515978;
33, 18.0491590;
34, 19.9344659;
35, 22.0039869;
36, 24.3023914;
37, 26.8253740;
38, 29.6102831;
39, 32.7031957;
40, 36.0983181;
41, 39.8689318;
42, 44.0079739;
43, 48.6047828;
44, 53.6507480;
45, 59.2205663;
46, 65.4063913;
47, 72.1966361;
48, 79.7378636;
49, 88.0159478;
50, 97.2095656;
51, 107.3014960;
52, 118.4411325;
53, 130.8127827;
54, 144.3932722;
55, 159.4757272;
56, 176.0318955;
57, 194.4191313;
58, 214.6029920;
59, 236.8822650;
60, 261.6255653;
61, 288.7865445;
62, 318.9514544;
63, 352.0637911;
64, 388.8382626;
65, 429.2059840;
66, 473.7645300;
67, 523.2511306;
68, 577.5730889;
69, 637.9029088;
70, 704.1275822;
71, 777.6765251;
72, 858.4119681;
73, 947.5290601;
74, 1046.5022612;
75, 1155.1461778;
76, 1275.8058176;
77, 1408.2551643;
78, 1555.3530503;
79, 1716.8239361;
80, 1895.0581201;
81, 2093.0045224;
82, 2310.2923557;
83, 2551.6116351;
84, 2816.5103286;
85, 3110.7061006;
86, 3433.6478722;
87, 3790.1162402;
88, 4186.0090448;
89, 4620.5847113;
90, 5103.2232702;
91, 5633.0206572;
92, 6221.4122012;
93, 6867.2957444;
94, 7580.2324805;
95, 8372.0180896;
96, 9241.1694227;
97, 10206.4465404;
98, 11266.0413145;
99, 12442.8244023;
100, 13734.5914889;
101, 15160.4649609;
102, 16744.0361792;
103, 18482.3388453;
104, 20412.8930808;
105, 22532.0826290;
106, 24885.6488047;
107, 27469.1829778;
108, 30320.9299219;
109, 33488.0723585;
110, 36964.6776907;
111, 40825.7861617;
112, 45064.1652580;
113, 49771.2976094;
114, 54938.3659556;
115, 60641.8598437;
116, 66976.1447170;
117, 73929.3553813;
118, 81651.5723233;
119, 90128.3305160;
120, 99542.5952188;
121, 109876.7319111;
122, 121283.7196874;
123, 133952.2894339;
124, 147858.7107626;
125, 163303.1446467;
126, 180256.6610319;
127, 199085.1904375;
