0, 0.7259924;
1, 0.8102055;
2, 0.9226528;
3, 0.9685240;
4, 1.0219749;
5, 1.0610748;
6, 1.3848148;
7, 1.4519848;
8, 1.6204109;
9, 1.8453055;
10, 1.9370480;
11, 2.0439497;
12, 2.1221496;
13, 2.7696296;
14, 2.9039697;
15, 3.2408218;
16, 3.6906111;
17, 3.8740960;
18, 4.0878995;
19, 4.2442993;
20, 5.5392592;
21, 5.8079393;
22, 6.4816437;
23, 7.3812222;
24, 7.7481920;
25, 8.1757989;
26, 8.4885985;
27, 11.0785184;
28, 11.6158786;
29, 12.9632874;
30, 14.7624443;
31, 15.4963841;
32, 16.3515978;
33, 16.9771970;
34, 22.1570368;
35, 23.2317573;
36, 25.9265747;
37, 29.5248886;
38, 30.9927682;
39, 32.7031957;
40, 33.9543940;
41, 44.3140735;
42, 46.4635146;
43, 51.8531495;
44, 59.0497773;
45, 61.9855364;
46, 65.4063913;
47, 67.9087881;
48, 88.6281471;
49, 92.9270291;
50, 103.7062990;
51, 118.0995546;
52, 123.9710728;
53, 130.8127827;
54, 135.8175761;
55, 177.2562942;
56, 185.8540582;
57, 207.4125979;
58, 236.1991092;
59, 247.9421456;
60, 261.6255653;
61, 271.6351522;
62, 354.5125884;
63, 371.7081164;
64, 414.8251958;
65, 472.3982184;
66, 495.8842912;
67, 523.2511306;
68, 543.2703045;
69, 709.0251768;
70, 743.4162328;
71, 829.6503916;
72, 944.7964368;
73, 991.7685823;
74, 1046.5022612;
75, 1086.5406089;
76, 1418.0503536;
77, 1486.8324656;
78, 1659.3007832;
79, 1889.5928736;
80, 1983.5371646;
81, 2093.0045224;
82, 2173.0812178;
83, 2836.1007072;
84, 2973.6649313;
85, 3318.6015664;
86, 3779.1857471;
87, 3967.0743293;
88, 4186.0090448;
89, 4346.1624356;
90, 5672.2014144;
91, 5947.3298625;
92, 6637.2031329;
93, 7558.3714943;
94, 7934.1486586;
95, 8372.0180896;
96, 8692.3248713;
97, 11344.4028288;
98, 11894.6597251;
99, 13274.4062657;
100, 15116.7429886;
101, 15868.2973171;
102, 16744.0361792;
103, 17384.6497426;
104, 22688.8056576;
105, 23789.3194501;
106, 26548.8125315;
107, 30233.4859771;
108, 31736.5946343;
109, 33488.0723585;
110, 34769.2994851;
111, 45377.6113152;
112, 47578.6389003;
113, 53097.6250629;
114, 60466.9719542;
115, 63473.1892685;
116, 66976.1447170;
117, 69538.5989702;
118, 90755.2226304;
119, 95157.2778005;
120, 106195.2501258;
121, 120933.9439084;
122, 126946.3785370;
123, 133952.2894339;
124, 139077.1979404;
125, 181510.4452608;
126, 190314.5556010;
127, 212390.5002517;
