0, 0.0606377;
1, 0.0637997;
2, 0.0833375;
3, 0.0957297;
4, 0.1338272;
5, 0.1582316;
6, 0.1742052;
7, 0.1915699;
8, 0.2162756;
9, 0.2169638;
10, 0.2420611;
11, 0.2546098;
12, 0.3233929;
13, 0.3402561;
14, 0.4444551;
15, 0.5105449;
16, 0.7137264;
17, 0.8438800;
18, 0.9290703;
19, 1.0216797;
20, 1.1534401;
21, 1.1571103;
22, 1.2909589;
23, 1.3578835;
24, 1.7247171;
25, 1.8146522;
26, 2.3703658;
27, 2.7228353;
28, 3.8064419;
29, 4.5005762;
30, 4.9549130;
31, 5.4488170;
32, 6.1515205;
33, 6.1710945;
34, 6.8849351;
35, 7.2418571;
36, 9.1982519;
37, 9.6778934;
38, 12.6416223;
39, 14.5214108;
40, 20.3004956;
41, 24.0024491;
42, 26.4255156;
43, 29.0596022;
44, 32.8072565;
45, 32.9116484;
46, 36.7186992;
47, 38.6222341;
48, 49.0560686;
49, 51.6140898;
50, 67.4202333;
51, 77.4455110;
52, 108.2664960;
53, 128.0097345;
54, 140.9324197;
55, 154.9805165;
56, 174.9674865;
57, 175.5242289;
58, 195.8279725;
59, 205.9798944;
60, 261.6255653;
61, 275.2679907;
62, 359.5652312;
63, 413.0319896;
64, 577.4063034;
65, 682.7008385;
66, 751.6200352;
67, 826.5412704;
68, 933.1356733;
69, 936.1048890;
70, 1044.3887065;
71, 1098.5308830;
72, 1395.3000804;
73, 1468.0577913;
74, 1917.6313885;
75, 2202.7800215;
76, 3079.4202416;
77, 3640.9764991;
78, 4008.5359943;
79, 4408.1055293;
80, 4976.5942352;
81, 4992.4296404;
82, 5569.9283227;
83, 5858.6790924;
84, 7441.4070056;
85, 7829.4380443;
86, 10227.1015738;
87, 11747.8547542;
88, 16423.1477374;
89, 19418.0365984;
90, 21378.3029533;
91, 23509.2850828;
92, 26541.1460409;
93, 26625.5993399;
94, 29705.5122568;
95, 31245.4763334;
96, 39686.4724648;
97, 41755.9175471;
98, 54543.1239951;
99, 62653.5968096;
100, 87587.8446080;
101, 103560.1700336;
102, 114014.6521845;
103, 125379.5948008;
104, 141549.0996191;
105, 141999.5055065;
106, 158425.2807770;
107, 166638.2090418;
108, 211655.6849429;
109, 222692.4385051;
110, 290889.1002685;
111, 334143.8309650;
112, 467123.0293804;
113, 552306.5508205;
114, 608062.3397063;
115, 668673.7915284;
116, 754908.9090623;
117, 757311.0113579;
118, 844912.8691110;
119, 888714.0146731;
120, 1128800.9789330;
121, 1187662.1346283;
122, 1551368.2102728;
123, 1782054.1111351;
124, 2491258.0684470;
125, 2945558.3742312;
126, 3242914.8524777;
127, 3566167.5266013;
